dot_full <-
structure(list(site = c("azi.cn", "bldr.us", "bnch.us", "bogong.au", 
"burrawan.au", "cbgb.us", "cdcr.us", "cdpt.us", "cereep.fr", 
"chilcas.ar", "comp.pt", "cowi.ca", "doane.us", "elliot.us", 
"frue.ch", "hall.us", "hart.us", "hero.uk", "hopl.us", "kbs.us", 
"kiny.au", "koffler.ca", "konz.us", "lancaster.uk", "look.us", 
"marc.ar", "mcla.us", "mtca.au", "pape.de", "pinj.au", "rook.uk", 
"sage.us", "saline.us", "sava.us", "sedg.us", "sereng.tz", "sevi.us", 
"sgs.us", "shps.us", "sier.us", "smith.us", "spin.us", "temple.us", 
"trel.us", "ukul.za", "unc.us", "valm.ch"), as.factor.year_trt. = c(1e-04, 
0.0047, 1e-04, 0.373, 1e-04, 1e-04, 1e-04, 1e-04, 1e-04, 1e-04, 
1e-04, 0.0035, 0.0459, 1e-04, 1e-04, 1e-04, 0.1399, 1e-04, 1e-04, 
0.0276, 1e-04, 1e-04, 1e-04, 1e-04, 1e-04, 1e-04, 1e-04, 1e-04, 
0.5315, 1e-04, 1e-04, 0.0409, 1e-04, 0.8374, 1e-04, 9e-04, 1e-04, 
1e-04, 1e-04, 1e-04, 1e-04, 1e-04, 1e-04, 1e-04, 0.001, 1e-04, 
0.8157), trt_K = c(0.1978, 0.5473, 1e-04, 0.0254, 0.2999, 1e-04, 
0.0053, 2e-04, 0.0015, 0.8667, 0.0029, 1e-04, 0.9269, 0.0241, 
7e-04, 1e-04, 0.0029, 0.0014, 0.081, 0.0027, 0.2466, 4e-04, 3e-04, 
0.02, 0.0014, 0.5009, 0.0261, 4e-04, 0.0059, 0.0792, 5e-04, 1e-04, 
4e-04, 0.0033, 0.5458, 0.0079, 5e-04, 1e-04, 0.3384, 0.1484, 
1e-04, 1e-04, 0.0298, 0.0051, 1e-04, 0.0791, 1e-04), trt_P = c(0.0054, 
0.0026, 1e-04, 0.0044, 0.0036, 5e-04, 0.0061, 0.0563, 1e-04, 
0.3516, 1e-04, 0.002, 0.0204, 0.6368, 0.0078, 0.0103, 0.0155, 
0.153, 1e-04, 0.2984, 0.0227, 1e-04, 0.002, 0.1234, 0.0046, 0.1656, 
0.041, 1e-04, 0.127, 0.0144, 1e-04, 1e-04, 3e-04, 4e-04, 0.4119, 
0.0018, 0.0243, 0.1308, 0.0026, 0.0026, 3e-04, 0.0973, 5e-04, 
0.0655, 0.0056, 0.0174, 1e-04), trt_N = c(0.155, 0.4985, 0.012, 
0.0674, 0.2191, 1e-04, 2e-04, 1e-04, 0.018, 0.1335, 0.0292, 9e-04, 
0.5798, 0.0243, 0.0206, 1e-04, 0.0559, 1e-04, 1e-04, 1e-04, 0.3098, 
0.0279, 1e-04, 0.2892, 0.0054, 0.165, 0.0163, 0.0151, 0.037, 
0.0093, 1e-04, 2e-04, 4e-04, 1e-04, 0.003, 0.0304, 6e-04, 0.0091, 
1e-04, 0.001, 1e-04, 1e-04, 3e-04, 0.0097, 2e-04, 0.0014, 0.002
), NP = c(-0.389934531014324, -0.0397533443312636, -0.194919651038782, 
-0.0249451847916017, -0.022250398948051, 0.434253684930703, 0.387634296548194, 
0.844596246484434, 0.0830763762817945, 0.908364043305382, -0.324862746508052, 
-0.624290097427819, -0.473212909216755, 0.701238291536628, 0.207559644134228, 
0.698744023807168, 0.401547299433028, 0.698049114679279, -0.282241010203474, 
0.907255314150853, 0.0974338870087159, -0.212882603107876, 0.95345503333155, 
0.250377409076857, -0.0302231267577046, 0.297213227000041, 0.372475433547796, 
-0.048577375810916, 0.500934331330675, -0.308318779540012, 0.832938510340265, 
0.337816150968805, 0.694720364522687, 0.671356276397552, 0.828699692727282, 
0.174675269829993, 0.0657291424778861, 0.295451630262126, 0.651924680354093, 
-0.0235061666813054, 0.409843259915335, 0.807214700309045, 0.0590697051552356, 
0.349668372442341, 0.682260251307632, 0.793596585102974, 0.304300638597971
), NK = c(-0.235138149971871, -0.276979943270865, 0.743186092143722, 
0.459120294655771, 0.381704381180718, -0.522913036885599, 0.0748771294832123, 
0.69768354931788, 0.19324763658069, 0.903821822130829, -0.322964501989402, 
-0.835640678155218, -0.178026478312922, 0.831929494823465, -0.0366699710878085, 
-0.213125961718686, 0.299671188216102, -0.104647585369427, 0.636511580758761, 
0.337812435200884, 0.153385561189297, -0.478850683999146, 0.736496984663976, 
0.210963477023386, 0.447642129567046, 0.523419989412372, 0.976032827372172, 
0.451565049791609, -0.849913083148201, -0.329104236137619, 0.815547988108149, 
0.774380125000169, 0.638450411023802, 0.777455467341677, 0.974315928744893, 
0.608569649144575, 0.766166969594592, -0.294727644325747, 0.849331626039225, 
0.102566557886722, 0.0562739848359816, -0.193606830855401, 0.342692603288597, 
0.713611045392112, 0.758644206631278, 0.519295774938715, 0.468035216811812
), PK = c(0.84222888311566, 0.854620583489388, -0.407175299175509, 
0.659900120251919, -0.262695794840807, -0.255298402105948, 0.211037937239187, 
0.731031608495582, 0.65550810793825, 0.884522644097115, 0.520504861151682, 
0.813329300544252, 0.928488611350936, 0.471328350594203, 0.638304106404913, 
0.148454317729564, 0.403025262039926, 0.187275180944635, 0.237682949601726, 
0.553642201430289, 0.729052615194967, 0.697851440667796, 0.631556545414166, 
0.757251721796698, -0.26642320177217, 0.646782838680212, 0.27030563117446, 
0.0616213566574665, -0.349251738746865, -0.180937714091498, 0.840813911275203, 
0.393524071538633, 0.761229298315535, 0.652934809877969, 0.890581831061533, 
0.341089804919528, -0.251229822271145, 0.115677849600697, 0.76755051513802, 
0.798473619997957, 0.532993409331487, 0.00718751851116088, 0.581190380511845, 
0.0234104614579363, 0.601463032931279, 0.68022162588078, 0.875467149660264
)), class = "data.frame", row.names = c(NA, -47L))
